1 1 1 1
1 2 2 1
1 3 3 1
1 4 4 1
1 5 5 1
1 6 6 1
1 7 7 1
1 8 8 1
2 2 4 1
2 2 2 2
2 3 6 1
2 3 4 2
2 4 8 1
2 4 6 2
2 5 10 1
2 5 8 2
2 6 12 1
2 6 10 2
2 7 14 1
2 7 12 2
2 8 16 1
2 8 14 2
3 3 9 1
3 3 7 2
3 3 4 3
3 4 12 1
3 4 10 2
3 4 7 3
3 5 15 1
3 5 13 2
3 5 10 3
3 6 18 1
3 6 16 2
3 6 13 3
3 7 21 1
3 7 19 2
3 7 16 3
3 8 24 1
3 8 22 2
3 8 19 3
4 4 16 1
4 4 14 2
4 4 11 3
4 4 7 4
4 5 20 1
4 5 18 2
4 5 15 3
4 5 11 4
4 6 24 1
4 6 22 2
4 6 19 3
4 6 15 4
4 7 28 1
4 7 26 2
4 7 23 3
4 7 19 4
4 8 32 1
4 8 30 2
4 8 27 3
4 8 23 4
5 5 25 1
5 5 23 2
5 5 20 3
5 5 16 4
5 5 11 5
5 6 30 1
5 6 28 2
5 6 25 3
5 6 21 4
5 6 16 5
5 7 35 1
5 7 33 2
5 7 30 3
5 7 26 4
5 7 21 5
5 8 40 1
5 8 38 2
5 8 35 3
5 8 31 4
5 8 26 5
6 6 36 1
6 6 34 2
6 6 31 3
6 6 27 4
6 6 22 5
6 6 16 6
6 7 42 1
6 7 40 2
6 7 37 3
6 7 33 4
6 7 28 5
6 7 22 6
6 8 48 1
6 8 46 2
6 8 43 3
6 8 39 4
6 8 34 5
6 8 28 6
7 7 49 1
7 7 47 2
7 7 44 3
7 7 40 4
7 7 35 5
7 7 29 6
7 7 22 7
7 8 56 1
7 8 54 2
7 8 51 3
7 8 47 4
7 8 42 5
7 8 36 6
7 8 29 7
8 8 64 1
8 8 62 2
8 8 59 3
8 8 55 4
8 8 50 5
8 8 44 6
8 8 37 7
8 8 29 8
