9 17 24 7
9 17 24 8
9 17 24 9
9 18 25 7
9 18 25 8
9 18 25 9
9 19 26 7
9 19 26 8
9 19 26 9
9 20 27 7
9 20 27 8
9 20 27 9
9 21 28 7
9 21 28 8
9 21 28 9
9 22 29 7
9 22 29 8
9 22 29 9
9 23 30 8
9 23 30 9
10 17 25 7
10 17 25 8
10 17 25 10
10 19 27 8
10 19 27 10
10 21 29 8
10 21 29 10
11 17 26 8
11 17 26 10
11 17 26 11
11 18 27 8
11 18 27 11
11 21 30 8
11 21 30 10
11 21 30 11
12 17 27 8
12 17 27 12
13 17 28 8
13 17 28 10
13 17 28 11
13 17 28 12
13 17 28 13
13 18 29 11
13 18 29 12
13 18 29 13
13 19 30 10
13 19 30 12
13 19 30 13
14 17 29 11
14 17 29 12
14 17 29 14
15 17 30 10
15 17 30 12
15 17 30 14
15 17 30 15
